++++++++++++++++++++++++++++++++++++++++++
Number of users: 1000
Number of transactions performed: 4000
++++++++++++++++++++++++++++++++++++++++++
User registration
******************************************
Time to intialize 1000 users: 0.23575901985168457
Average: 0.00023575901985168458
------------------------------------------
Time to register 1000 users: 1.2470567226409912
Average: 0.0012470567226409912
------------------------------------------
Transaction processing
******************************************
Time for clients to generate commitments for 4000 transactions: 0.33304357528686523
Average: 8.32608938217163e-05
------------------------------------------
Time for server to respond with randomness for 4000 transactions: 0.04495048522949219
Average: 1.1237621307373047e-05
------------------------------------------
Time for client to compute barcode and reveal commitments for 4000 transactions: 0.007828235626220703
Average: 1.957058906555176e-06
------------------------------------------
Time for server to compute barcode and merkle proof for 4000 transactions: 0.351027250289917
Average: 8.775681257247925e-05
------------------------------------------
Time for client to verify merkle proof and compute encryptions and ZK proofs for 4000 transactions: 20.523334980010986
Average: 0.005130833745002747
------------------------------------------
Time for server to verify ZK proofs for 4000 transactions: 19.66092014312744
Average: 0.004915230035781861
------------------------------------------
Balance settling
******************************************
Time for clients to decrypt and make ZK proofs for  4000 transactions between 1000 users: 494.2771637439728
Average per user: 0.4942771637439728
------------------------------------------
Time for server to verify ZK proofs for  1000 balance settlements: 8.463504076004028
Average per user: 0.008463504076004028
******************************************
******************************************
Decryption times by number of points
Average over 10 iterations
0 0.0007929563522338867
1 0.0011680126190185547
2 0.0014835596084594727
3 0.001824951171875
4 0.021027350425720216
5 0.0025925397872924804
6 0.021806931495666503
7 0.003371906280517578
8 0.022423362731933592
9 0.003955435752868652
10 0.023195648193359376
11 0.023487067222595213
12 0.023953008651733398
13 0.024227714538574217
14 0.02459738254547119
15 0.0061759471893310545
16 0.04422590732574463
17 0.025738787651062012
18 0.025927233695983886
19 0.02656073570251465
20 0.026765727996826173
21 0.045931673049926756
22 0.027547693252563475
23 0.04683351516723633
24 0.028153014183044434
25 0.047453570365905764
26 0.029002737998962403
27 0.04824213981628418
28 0.04837751388549805
29 0.049010705947875974
30 0.04916975498199463
31 0.030627226829528807
32 0.05014328956604004
33 0.06912126541137695
34 0.050792145729064944
35 0.051048445701599124
36 0.05128910541534424
37 0.05185589790344238
38 0.07099189758300781
39 0.05244596004486084
40 0.071484375
41 0.0531120777130127
42 0.07240803241729736
43 0.053967857360839845
44 0.07314608097076417
45 0.07331295013427734
46 0.054912781715393065
47 0.07401854991912842
48 0.07439324855804444
49 0.0749889850616455
50 0.07542049884796143
51 0.07554357051849366
52 0.07588002681732178
53 0.09500818252563477
54 0.07667906284332275
55 0.07712793350219727
56 0.09609856605529785
57 0.07760581970214844
58 0.09708554744720459
59 0.0785787582397461
60 0.09752600193023682
61 0.07917039394378662
62 0.09845476150512696
63 0.09858970642089844
64 0.09903271198272705
65 0.09937825202941894
66 0.09986023902893067
67 0.10010304450988769
68 0.10193848609924316
69 0.10075623989105224
70 0.10114555358886719
71 0.12046546936035156
72 0.10187160968780518
73 0.10241963863372802
74 0.12179725170135498
75 0.10278353691101075
76 0.1222801685333252
77 0.12371783256530762
78 0.1046489953994751
79 0.12323400974273682
80 0.12362263202667237
81 0.12405805587768555
82 0.12421813011169433
83 0.12471704483032227
84 0.12495884895324708
85 0.12503678798675538
86 0.12592246532440185
87 0.1261134147644043
88 0.12659065723419188
89 0.1267986536026001
90 0.14590990543365479
91 0.12746500968933105
92 0.1467352867126465
93 0.12841639518737794
94 0.14743402004241943
95 0.12919299602508544
96 0.1483968734741211
97 0.1485445737838745
98 0.14886252880096434
99 0.14933583736419678
100 0.14982824325561522
101 0.15004775524139405
102 0.150380277633667
103 0.15058557987213134
104 0.15120649337768555
105 0.15141654014587402
106 0.15159339904785157
107 0.17079858779907225
108 0.15257840156555175
109 0.1718029260635376
110 0.152826189994812
111 0.1726064443588257
112 0.1536623239517212
113 0.1730738401412964
114 0.17347960472106932
115 0.17394070625305175
116 0.15529510974884034
117 0.17449610233306884
118 0.17481529712677002
119 0.17547063827514647
120 0.1946341037750244
121 0.175873064994812
122 0.17638101577758789
123 0.1779503345489502
124 0.196055269241333
125 0.17726995944976806
126 0.19783926010131836
127 0.1781324863433838
128 0.19734556674957277
129 0.19758334159851074
130 0.17907342910766602
131 0.1994844913482666
132 0.1989220380783081
133 0.1993623733520508
134 0.19967925548553467
135 0.19975037574768068
136 0.20023078918457032
137 0.20043590068817138
138 0.2009408950805664
139 0.20136966705322265
140 0.20154354572296143
141 0.22093489170074462
142 0.2021648406982422
143 0.2212663173675537
144 0.20314199924468995
145 0.22250092029571533
146 0.20360724925994872
147 0.222908616065979
148 0.2233438730239868
149 0.2047956943511963
150 0.22399458885192872
151 0.224426007270813
152 0.2247910737991333
153 0.22478156089782714
154 0.22544846534729004
155 0.22594494819641114
156 0.22609777450561525
157 0.24569387435913087
158 0.22746639251708983
159 0.24614601135253905
160 0.22762973308563234
161 0.22799670696258545
162 0.24737253189086914
163 0.2478656768798828
164 0.22927122116088866
165 0.24879734516143798
166 0.24850053787231446
167 0.24904274940490723
168 0.24966804981231688
169 0.24978127479553222
170 0.2503465175628662
171 0.2509411334991455
172 0.2508174657821655
173 0.25138092041015625
174 0.270951509475708
175 0.2520136833190918
176 0.2525335788726807
177 0.2716390609741211
178 0.2530308961868286
179 0.2719484090805054
180 0.27336299419403076
181 0.2552536964416504
182 0.2732954502105713
183 0.2736385345458984
184 0.27381134033203125
185 0.27417056560516356
186 0.27500114440917967
187 0.2750460863113403
188 0.275478196144104
189 0.27578761577606203
190 0.2760562181472778
191 0.27647101879119873
192 0.27645053863525393
193 0.29607396125793456
194 0.277384090423584
195 0.29665091037750246
196 0.27799832820892334
197 0.2971179723739624
198 0.27860026359558104
199 0.2981905937194824
200 0.29870874881744386
201 0.29899048805236816
202 0.2803063869476318
203 0.29936215877532957
204 0.30007047653198243
205 0.3004141330718994
206 0.30043199062347414
207 0.31975879669189455
208 0.3014707326889038
209 0.3231219291687012
210 0.3027954578399658
211 0.3245133399963379
212 0.3255231618881226
213 0.32726387977600097
214 0.32490315437316897
215 0.3248856544494629
216 0.3249530553817749
217 0.3246703863143921
218 0.32614927291870116
219 0.34611263275146487
220 0.3266728162765503
221 0.32555129528045657
222 0.32609126567840574
223 0.34499549865722656
224 0.3260945320129395
225 0.32705082893371584
226 0.3271928310394287
227 0.34628119468688967
228 0.3273622035980225
229 0.34798882007598875
230 0.34865095615386965
231 0.3494633913040161
232 0.32948687076568606
233 0.3487976312637329
234 0.34876046180725095
235 0.34964067935943605
236 0.34994356632232665
237 0.3499241828918457
238 0.3502971172332764
239 0.3506340503692627
240 0.35148983001708983
241 0.3513888120651245
242 0.3707194089889526
243 0.352392578125
244 0.3717464208602905
245 0.35308549404144285
246 0.37212295532226564
247 0.3543290615081787
248 0.39466607570648193
249 0.35496108531951903
250 0.37479023933410643
251 0.3744389057159424
252 0.3749468088150024
253 0.37456588745117186
254 0.3755932092666626
255 0.3754896640777588
256 0.3959301710128784
257 0.3761545896530151
258 0.37615313529968264
259 0.37681748867034914
260 0.3959618091583252
261 0.3780579328536987
262 0.39731037616729736
263 0.3787233829498291
264 0.39809741973876955
265 0.3977928161621094
266 0.37920095920562746
267 0.3986518859863281
268 0.39862236976623533
269 0.3997437238693237
270 0.40206358432769773
271 0.40122356414794924
272 0.42253262996673585
273 0.4004932403564453
274 0.4005125045776367
275 0.40134406089782715
276 0.42021918296813965
277 0.4022021770477295
278 0.40248081684112547
279 0.4223496675491333
280 0.4029063701629639
281 0.4223052978515625
282 0.4230916738510132
283 0.424295449256897
284 0.42472517490386963
285 0.4055942058563232
286 0.42461066246032714
287 0.42525601387023926
288 0.44461884498596194
289 0.4261271238327026
290 0.42581751346588137
291 0.4268026351928711
292 0.672845983505249
293 0.6786447048187256
294 0.44628708362579345
295 0.42799413204193115
296 0.4474008560180664
297 0.4485607147216797
298 0.42876899242401123
299 0.44732511043548584
300 0.44828531742095945
301 0.4302377700805664
302 0.4496639251708984
303 0.4498294830322266
304 0.4509699821472168
305 0.47086031436920167
306 0.45060043334960936
307 0.4517019271850586
308 0.45164706707000735
309 0.47319533824920657
310 0.47650818824768065
311 0.47516868114471433
312 0.4740110397338867
313 0.4728325128555298
314 0.4733395576477051
315 0.4544408321380615
316 0.4732262134552002
317 0.47434799671173095
318 0.47460570335388186
319 0.4737499952316284
320 0.45479402542114256
321 0.47422380447387696
322 0.4744687795639038
323 0.4747035503387451
324 0.4748368263244629
325 0.4755673408508301
326 0.4758306980133057
327 0.4959357976913452
328 0.47739410400390625
329 0.4970586061477661
330 0.47822725772857666
331 0.49872398376464844
332 0.49752910137176515
333 0.4786467313766479
334 0.4990009546279907
335 0.499292778968811
336 0.4986773729324341
337 0.47975332736968995
338 0.49954872131347655
339 0.49911837577819823
340 0.4990834712982178
341 0.5006108522415161
342 0.5016132593154907
343 0.5206408977508545
344 0.50147864818573
345 0.5018905401229858
346 0.5208714485168457
347 0.503191328048706
348 0.5220941781997681
349 0.5039770364761352
350 0.5234610795974731
351 0.5233054161071777
352 0.5044426441192627
353 0.523186182975769
354 0.5231470584869384
355 0.5231054782867431
356 0.5051389932632446
357 0.5242901802062988
358 0.5248061656951905
359 0.5250330448150635
360 0.5247890949249268
361 0.525516414642334
362 0.5448961973190307
363 0.5267803430557251
364 0.5263202667236329
365 0.5267471075057983
366 0.5459165811538697
367 0.5280128479003906
368 0.5465912818908691
369 0.5281182765960694
370 0.5479781627655029
371 0.5291274309158325
372 0.5480748891830445
373 0.549031662940979
374 0.5492920398712158
375 0.5499472141265869
376 0.5509647846221923
377 0.5506901502609253
378 0.5518319129943847
379 0.5506405830383301
380 0.570602536201477
381 0.5518413543701172
382 0.5516757011413574
383 0.5707769632339478
384 0.5527896165847779
385 0.5716235160827636
386 0.5536943674087524
387 0.5720937490463257
388 0.5536038637161255
389 0.5732771158218384
390 0.5733214855194092
391 0.5739060163497924
392 0.5550416707992554
393 0.5741060018539429
394 0.5749444484710693
395 0.5749443054199219
396 0.5756850242614746
397 0.5954724788665772
398 0.5764850854873658
399 0.5767092227935791
400 0.5962332010269165
401 0.5777749061584473
402 0.5778105735778809
403 0.5967146635055542
404 0.5788039684295654
405 0.5978451251983643
406 0.5994025945663453
407 0.5991666078567505
408 0.5990203142166137
409 0.5992845296859741
410 0.5994614124298095
411 0.5999998569488525
412 0.6004430294036865
413 0.6004425764083863
414 0.6009537696838378
415 0.6016084671020507
416 0.6016716718673706
417 0.6225476026535034
418 0.624134874343872
419 0.6038192510604858
420 0.6226986408233642
421 0.6227544784545899
422 0.6038293361663818
423 0.6230598449707031
424 0.6235592126846313
425 0.6237716913223267
426 0.6054597616195678
427 0.6242743253707885
428 0.6255843877792359
429 0.6447676420211792
430 0.6276029348373413
431 0.6473474025726318
432 0.6271130800247192
433 0.6274383068084717
434 0.6461957216262817
435 0.6278231382369995
436 0.647115683555603
437 0.6284287452697754
438 0.6475204706192017
439 0.6482015609741211
440 0.6297905921936036
441 0.6490872859954834
442 0.6492894411087036
443 0.6499425649642945
444 0.6506283044815063
445 0.6503119468688965
446 0.6515244722366333
447 0.6698821306228637
448 0.6515253067016602
449 0.6517724990844727
450 0.6517451047897339
451 0.6709216594696045
452 0.6527387142181397
453 0.6717675924301147
454 0.6535054922103882
455 0.672782015800476
456 0.6728270292282105
457 0.6541683435440063
458 0.6741909980773926
459 0.6737760305404663
460 0.6743618249893188
461 0.6755190849304199
462 0.6748504400253296
463 0.6754003763198853
464 0.6760096549987793
465 0.6756527662277222
466 0.676135516166687
467 0.6955482482910156
468 0.6775576829910278
469 0.6962277889251709
470 0.6774264574050903
471 0.6785861253738403
472 0.6972119092941285
473 0.6972791194915772
474 0.6789796829223633
475 0.6979269027709961
476 0.69926917552948
477 0.6989724159240722
478 0.6995701551437378
479 0.7005490303039551
480 0.7001631498336792
481 0.7004255771636962
482 0.7005540132522583
483 0.7010646104812622
484 0.701653242111206
485 0.7210133790969848
486 0.7016725063323974
487 0.7025042057037354
488 0.7224276304244995
489 0.7034745454788208
490 0.7229632139205933
491 0.7232658386230468
492 0.7236985921859741
493 0.7046181201934815
494 0.7235644578933715
495 0.7239464044570922
496 0.7243707180023193
497 0.7251082420349121
498 0.7254197120666503
499 0.7254685878753662
500 0.7258802652359009
501 0.7257346868515014
502 0.7455899953842163
503 0.7269367694854736
504 0.7266810178756714
505 0.747769546508789
506 0.728261137008667
507 0.7472437381744385
508 0.7281996965408325
509 0.7480514049530029
510 0.747788667678833
511 0.7485981702804565
512 0.7302151679992676
513 0.769748330116272
514 0.7500105857849121
515 0.7500466108322144
516 0.7505131483078002
517 0.7506220817565918
518 0.751232647895813
519 0.7521529197692871
520 0.7717167615890503
521 0.7524283409118653
522 0.7716994047164917
523 0.7529765129089355
524 0.7723853349685669
525 0.7539471626281739
526 0.7733635187149048
527 0.7732797145843506
528 0.7748090267181397
529 0.7547232151031494
530 0.7747069120407104
531 0.7944842338562011
532 0.7749388456344605
533 0.7775741577148437
534 0.7771377325057983
535 0.7957241058349609
536 0.7769462585449218
537 0.7982398271560669
538 0.7804031372070312
539 0.7971542119979859
540 0.7975876092910766
541 0.7797120571136474
542 0.798172903060913
543 0.7991702318191528
544 0.7996766805648804
545 0.8006414651870728
546 0.8011167526245118
547 0.8010891437530517
548 0.8203495979309082
549 0.8025739192962646
550 0.8019612312316895
551 0.820623230934143
552 0.8027613401412964
553 0.8232353210449219
554 0.8231347560882568
555 0.8042280197143554
556 0.8234163045883178
557 0.8233963012695312
558 0.8044545888900757
559 0.8236405611038208
560 0.8246672868728637
561 0.8248402118682862
562 0.8264869451522827
563 0.8497299194335938
564 0.8468001842498779
565 0.8493985414505005
566 0.8298382759094238
567 0.8478050231933594
568 0.847092604637146
569 0.8292242288589478
570 0.8478859186172485
571 0.8491247892379761
572 0.8495020866394043
573 0.8486809968948364
574 0.8304360389709473
575 0.8498118400573731
576 0.8496523380279541
577 0.8489931106567383
578 0.8508322715759278
579 0.8698828458786011
580 0.8518867254257202
581 0.8523978471755982
582 0.8515565872192383
583 0.8722059249877929
584 0.872545599937439
585 0.8535980939865112
586 0.8514913082122803
587 0.8698292016983032
588 0.8511854648590088
589 0.8540474891662597
590 0.870602798461914
591 0.8526218414306641
592 0.8721528291702271
593 0.8538372755050659
594 0.8725346326828003
595 0.872795557975769
596 0.8541034698486328
597 0.8737867832183838
598 0.8746326684951782
599 0.8743852376937866
600 0.8752431631088257
601 0.8756993770599365
602 0.8761353492736816
603 0.8753564357757568
604 0.8760627746582031
605 0.8953335523605347
606 0.876655101776123
607 0.8975302934646606
608 0.8780842781066894
609 0.8965882301330567
610 0.878398847579956
611 0.8979455232620239
612 0.8787033557891846
613 0.8980024337768555
614 0.8984950065612793
615 0.8793586254119873
616 0.8992280960083008
617 0.8995563745498657
618 0.8996925354003906
619 0.9000179290771484
620 0.9005058288574219
621 0.9006259202957153
622 0.9197592735290527
623 0.9015632152557373
624 0.9023281812667847
625 0.921360182762146
626 0.9026494264602661
627 0.922195029258728
628 0.9032107353210449
629 0.9225913286209106
630 0.9039287328720093
631 0.923390007019043
632 0.9234341859817505
633 0.924039340019226
634 0.9245552539825439
635 0.9248565673828125
636 0.9253700494766235
637 0.9258223533630371
638 0.9267961263656617
639 0.9261971712112427
640 0.9263535261154174
641 0.9459579467773438
642 0.9275503635406495
643 0.9466625452041626
644 0.9279526233673095
645 0.9473083734512329
646 0.9290060758590698
647 0.9484016180038453
648 0.9489890813827515
649 0.9484641790390015
650 0.949037742614746
651 0.9501117706298828
652 0.9499463319778443
653 0.9502844333648681
654 0.950606894493103
655 0.9509943962097168
656 0.9505488872528076
657 0.952229118347168
658 0.9703702449798584
659 0.9522010564804078
660 0.9728801012039184
661 0.9528465270996094
662 0.9721538305282593
663 0.9537784576416015
664 0.9727875232696533
665 0.9728344202041626
666 0.9543036937713623
667 0.9734488487243652
668 0.9738399744033813
669 0.9744649887084961
670 0.9750874519348145
671 0.9756405591964722
672 0.9751816272735596
673 0.9759734392166137
674 0.9768406391143799
675 0.995181679725647
676 0.977568531036377
677 0.9780604124069214
678 0.9971266746520996
679 0.9972660541534424
680 0.9794011116027832
681 0.9983412981033325
682 0.9983487367630005
683 0.9996343612670898
684 1.00186927318573
685 1.0010714054107666
686 1.000564694404602
687 1.0011221170425415
688 1.0209882259368896
689 1.0013281583786011
690 1.0030584335327148
691 1.0209540605545044
692 1.0029996156692504
693 1.021782922744751
694 1.004178810119629
695 1.0224864959716797
696 1.0275019645690917
697 1.0229034662246703
698 1.0228420972824097
699 1.0240448713302612
700 1.0049133539199828
701 1.023901629447937
702 1.0251948356628418
703 1.0258366823196412
704 1.0250924825668335
705 1.0447688579559327
706 1.0261353254318237
707 1.0251879215240478
708 1.0260735511779786
709 1.0282143115997315
710 1.0467945098876954
711 1.0282446622848511
712 1.047620916366577
713 1.0474318265914917
714 1.0291072845458984
715 1.0481299877166748
716 1.0483609676361083
717 1.0294612169265747
718 1.0492471694946288
719 1.0500216484069824
720 1.069697666168213
721 1.0519383907318116
722 1.0512142658233643
723 1.0510225296020508
724 1.0517380475997924
725 1.0703052282333374
726 1.0520769834518433
727 1.0716011762619018
728 1.0526597023010253
729 1.0723285913467406
730 1.0532995223999024
731 1.073132538795471
732 1.0736396551132201
733 1.054905939102173
734 1.0742299795150756
735 1.074482297897339
736 1.074579930305481
737 1.074438500404358
738 1.074916386604309
739 1.0753142833709717
740 1.0752728939056397
741 1.0757019519805908
742 1.0762332201004028
743 1.0959510326385498
744 1.0768341779708863
745 1.0777380228042603
746 1.0969189643859862
747 1.0780958890914918
748 1.0975341081619263
749 1.0972770690917968
750 1.0790331840515137
751 1.098876667022705
752 1.0987037420272827
753 1.098803734779358
754 1.0999929189682007
755 1.0996161937713622
756 1.1003836631774901
757 1.10033221244812
758 1.1012324810028076
759 1.1015365600585938
760 1.1017678499221801
761 1.1198145627975464
762 1.102542757987976
763 1.1025750875473022
764 1.1216519594192504
765 1.1233776330947876
766 1.1037312746047974
767 1.1231878042221068
768 1.1229784727096557
769 1.1041255950927735
770 1.1235549688339233
771 1.1252413034439086
772 1.1248173475265504
773 1.124924087524414
774 1.1256967544555665
775 1.1262768030166626
776 1.1452339887619019
777 1.126010537147522
778 1.1265381574630737
779 1.127150559425354
780 1.147070837020874
781 1.1284637212753297
782 1.1473639249801635
783 1.147391414642334
784 1.1281017541885376
785 1.1479081392288208
786 1.1489786148071288
787 1.129807209968567
788 1.1494317531585694
789 1.149282121658325
790 1.1505014181137085
791 1.1507543087005616
792 1.150344443321228
793 1.1695803642272948
794 1.1516462564468384
795 1.1516507387161254
796 1.17260844707489
797 1.154517412185669
798 1.172620916366577
799 1.173529815673828
800 1.1539497137069703
801 1.1739714384078979
802 1.1733288526535035
803 1.1731916189193725
804 1.1746907949447631
805 1.174175763130188
806 1.1751526832580566
807 1.1771074056625366
808 1.1762364625930786
809 1.176583504676819
810 1.1955627918243408
811 1.1763518810272218
812 1.1765604734420776
813 1.1767749547958375
814 1.1964036703109742
815 1.198129153251648
816 1.1782459259033202
817 1.198514175415039
818 1.198699140548706
819 1.1793614387512208
820 1.1980194807052613
821 1.198544192314148
822 1.1997615575790406
823 1.1995980501174928
824 1.2009339332580566
825 1.2001003980636598
826 1.2010826587677002
827 1.2009851932525635
828 1.2017294406890868
829 1.2206148386001587
830 1.201402735710144
831 1.2014466762542724
832 1.2235328435897828
833 1.2026406526565552
834 1.2224422693252563
835 1.222303080558777
836 1.2043167114257813
837 1.222856879234314
838 1.223328447341919
839 1.2244537353515625
840 1.205530595779419
841 1.2443822860717773
842 1.2275797843933105
843 1.2250032424926758
844 1.2265360355377197
845 1.2269835948944092
846 1.2463178634643555
847 1.2482519626617432
848 1.2302839040756226
849 1.2468186140060424
850 1.2280465364456177
851 1.2466452598571778
852 1.247900629043579
853 1.2293925046920777
854 1.2498474359512328
855 1.248736357688904
856 1.2489360332489015
857 1.249437189102173
858 1.2502260208129883
859 1.2507143020629883
860 1.2525381565093994
861 1.2716723918914794
862 1.2523993968963623
863 1.2710195541381837
864 1.2532258749008178
865 1.271722412109375
866 1.2537248849868774
867 1.2732423782348632
868 1.2732396841049194
869 1.2554874420166016
870 1.298152780532837
871 1.2753488302230835
872 1.274027442932129
873 1.275243091583252
874 1.2743778228759766
875 1.2749518394470214
876 1.275634503364563
877 1.27582745552063
878 1.276277232170105
879 1.2944228887557983
880 1.279085373878479
881 1.2995845079421997
882 1.2966699600219727
883 1.27779700756073
884 1.299472165107727
885 1.2974132537841796
886 1.2793386220932006
887 1.297826886177063
888 1.2995192527770996
889 1.3006772994995117
890 1.3030529260635375
891 1.3204705238342285
892 1.3009620428085327
893 1.3022422552108766
894 1.3214199781417846
895 1.3044252157211305
896 1.3235949516296386
897 1.3232157945632934
898 1.3034917831420898
899 1.322990846633911
900 1.3248829603195191
901 1.3240292072296143
902 1.324311113357544
903 1.3233653783798218
904 1.3259319067001343
905 1.3248208284378051
906 1.3243879079818726
907 1.3258938550949098
908 1.3263415336608886
909 1.3244629621505737
910 1.3264583349227905
911 1.3252366065979004
912 1.3268574714660644
913 1.345577359199524
914 1.32709858417511
915 1.3466436862945557
916 1.326314926147461
917 1.327631664276123
918 1.3462387084960938
919 1.35088951587677
920 1.3489368677139282
921 1.330085778236389
922 1.3489164352416991
923 1.3500941038131713
924 1.3501516103744506
925 1.3499191045761108
926 1.3498024463653564
927 1.3501203536987305
928 1.350873303413391
929 1.373205018043518
930 1.3748485565185546
931 1.3721510887145996
932 1.3535603761672974
933 1.3725099086761474
934 1.3530768394470214
935 1.3727484703063966
936 1.3534772634506225
937 1.372488832473755
938 1.3742101669311524
939 1.3751542806625365
940 1.3737237453460693
941 1.3741873264312745
942 1.3748939752578735
943 1.3757841825485229
944 1.3747863531112672
945 1.374726414680481
946 1.3764166116714478
947 1.399031162261963
948 1.3779749870300293
949 1.3764689922332765
950 1.3954585552215577
951 1.377364206314087
952 1.396798300743103
953 1.378360652923584
954 1.3984104633331298
955 1.39925274848938
956 1.4022186994552612
957 1.4024386167526246
958 1.4195922136306762
959 1.4004014015197754
960 1.400350570678711
961 1.400378704071045
962 1.401923656463623
963 1.4018730163574218
964 1.4215752363204956
965 1.403349757194519
966 1.4448373794555665
967 1.40523841381073
968 1.4238543510437012
969 1.4241798877716065
970 1.4248847961425781
971 1.4250186920166015
972 1.4256292581558228
973 1.4249926328659057
974 1.4246087551116944
975 1.4259571313858033
976 1.4259999513626098
977 1.4472433805465699
978 1.4256113290786743
979 1.446552586555481
980 1.4273239612579345
981 1.4279468774795532
982 1.4468047618865967
983 1.448856568336487
984 1.4288741827011109
985 1.4489932775497436
986 1.448289704322815
987 1.4479503154754638
988 1.4308467149734496
989 1.4700821876525878
990 1.4512531280517578
991 1.44904625415802
992 1.4496846437454223
993 1.4509790658950805
994 1.4510721921920777
995 1.4492842435836792
996 1.4516937732696533
997 1.4509445190429688
998 1.4500538110733032
999 1.450312566757202
1000 1.470231032371521
